yearcl cpe0 cpe1 winstage winret sprstage
1989     NA      3.12     170.85    7.2    171.79
1990     8.03    5.32     171.76    4.2    171.75
1991     0.47    0.39     170.73    7.4    171.75
1992     0.61    0.97     170.67    6.6    171.82
1993     1.38    3.59     170.99    6.2    171.77
1994     2.73    2.61     170.93    5.9    171.87
1995     1.66    0.57     170.88    6.8    171.80
1996     9.89    8.63     171.39    5.5    171.85
1997     1.86    0.93     170.83    6.1    171.90
1998     3.72    1.17     171.04    5.6    171.83
1999     2.18     NA      170.77    9.7    171.92
