year recruit spawner mtempcv
1958    4532    775     0.24125
1959    22996   2310    0.16319
1960    628     2990    0.46056
1961    879     1400    0.33028
1962    14747   1130    0.22618
1963    13205   790     0.20596
1964    31793   1195    0.19229
1965    10621   981     0.20363
1966    22271   870     0.3452
1967    8736    1104    0.27511
1968    8761    883     0.10884
1969    18885   1421    0.17799
1970    10098   1198    0.2106
1971    3394    760     0.22098
1972    1697    1354    0.39461
1973    25159   1308    0.19696
1974    14093   2016    0.20992
1975    1932    962     0.33459
1976    2292    976     0.24803
1977    17386   1062    0.19815
1978    5334    1945    0.32837
1979    6957    2073    0.4162
1980    1036    1458    0.26409
1981    16345   946     0.25728
1982    6149    1952    0.27111
1983    10366   1280    0.18882
1984    16795   851     0.28661
1985    14599   394     0.12269
1986    15299   2121    0.18605
1987    13882   452     0.14723
1988    4351    369     0.18968
1989    4262    603     0.34298
1990    35607   735     0.19356
1991    4876    1261    0.32032
