year month area rep time count
92     8     CC      1       1        0
92     8     CC      2       1        3
92     8     CC      3       1        0
92     8     CC      4       1        0
92     8     CC      5       1        2
92     8     CC      6       1        1
92     8     LB      1       1        4
92     8     LB      2       1        2
92     8     LB      3       1       11
92     8     LB      4       1        3
92     8     LB      5       1        6
92     8     LB      6       1        3
92     8     RC      1       1        3
92     8     RC      2       1        2
92     8     RC      3       1        0
92     8     RC      4       1        5
92     8     RC      5       1        3
92     8     RC      6       1        0
92     8     UB      1       1        2
92     8     UB      2       1        1
92     8     UB      3       1        4
92     8     UB      4       1        0
92     8     UB      5       1        3
92     8     UB      6       1        0
92     8     CC      1       2        0
92     8     CC      2       2        4
92     8     CC      3       2        3
92     8     CC      4       2        1
92     8     CC      5       2        0
92     8     CC      6       2        1
92     8     LB      1       2        4
92     8     LB      2       2        1
92     8     LB      3       2        3
92     8     LB      4       2        1
92     8     LB      5       2        5
92     8     LB      6       2        3
92     8     RC      1       2        2
92     8     RC      2       2        0
92     8     RC      3       2        2
92     8     RC      4       2        1
92     8     RC      5       2        4
92     8     RC      6       2        1
92     8     UB      1       2        0
92     8     UB      2       2        1
92     8     UB      3       2        0
92     8     UB      4       2        0
92     8     UB      5       2        1
92     8     UB      6       2        0
92     9     CC      1       3        0
92     9     CC      2       3       3
92     9     CC      3       3       1
92     9     CC      4       3       0
92     9     CC      5       3       1
92     9     CC      6       3       1
92     9     LB      1       3       2
92     9     LB      2       3       3
92     9     LB      3       3       0
92     9     LB      4       3       2
92     9     LB      5       3       3
92     9     LB      6       3       4
92     9     RC      1       3       0
92     9     RC      2       3       0
92     9     RC      3       3       4
92     9     RC      4       3       1
92     9     RC      5       3       0
92     9     RC      6       3       0
92     9     UB      1       3       1
92     9     UB      2       3       0
92     9     UB      3       3       3
92     9     UB      4       3       0
92     9     UB      5       3       0
92     9     UB      6       3       0
