# Box 5.1 -- Length Sample
#
tl
336
336
336
395
395
395
395
386
386
386
386
416
416
416
416
452
452
452
452
452
452
429
429
429
429
429
410
410
410
410
444
444
444
444
444
470
470
470
470
470
470
470
470
470
470
379
379
379
463
463
463
463
463
463
463
467
467
467
467
467
467
467
467
467
431
431
431
431
431
394
394
394
394
499
499
499
499
499
499
499
499
499
499
499
499
499
499
499
510
510
510
510
510
510
510
510
510
510
510
510
510
580
580
580
580
580
580
580
580
580
580
580
580
580
580
580
580
580
526
526
526
526
526
526
526
526
526
526
526
530
530
530
530
530
530
530
530
530
530
530
530
530
446
446
446
446
446
497
497
497
497
497
497
497
497
497
497
497
497
463
463
463
463
463
463
463
354
354
354
395
395
395
395
514
514
514
514
514
514
514
514
514
514
514
514
514
514
514
514
360
360
360
496
496
496
496
496
496
496
496
496
496
496
496
450
450
450
450
450
450
425
425
425
425
529
529
529
529
529
529
529
529
529
529
529
529
451
451
451
451
451
451
437
437
437
437
437
490
490
490
490
490
490
490
490
490
490
494
494
494
494
494
494
494
494
494
494
494
494
494
494
420
420
420
420
443
443
443
443
443
438
438
438
438
438
467
467
467
467
467
467
467
467
467
434
434
434
434
434
434
434
413
413
413
413
346
346
346
418
418
418
418
438
438
438
438
438
437
437
437
437
382
382
382
411
411
411
411
335
335
335
384
384
384
418
418
418
418
378
378
378
344
344
344
318
318
318
462
462
462
462
462
462
462
462
462
449
449
449
449
449
449
474
474
474
474
474
474
474
474
474
474
459
459
459
459
459
459
480
480
480
480
480
480
480
480
480
480
480
451
451
451
451
451
451
399
399
433
399
399
433
399
399
433
399
399
433
486
486
486
486
486
486
486
486
486
372
372
372
359
359
359
405
405
405
405
