len
94
91
91
95
99
101
107
102
109
109
108
103
104
101
103
108
106
109
102
102
104
106
109
104
108
101
109
102
104
106
102
107
107
104
106
109
105
104
108
102
109
101
109
102
112
117
118
119
112
119
111
119
111
111
111
111
111
117
117
110
117
117
115
113
112
115
116
112
116
118
115
113
115
118
114
116
112
115
114
117
116
113
114
118
116
118
113
122
123
125
123
124
129
124
126
127
129
126
128
128
125
128
128
126
121
129
124
129
122
123
122
120
128
126
125
128
126
120
123
121
126
124
123
128
129
127
122
129
126
124
124
124
121
128
127
128
122
128
127
127
128
121
136
133
133
135
134
136
132
130
139
135
138
130
133
138
130
133
137
133
138
137
138
134
137
130
131
137
137
133
130
132
139
133
130
136
134
134
137
133
136
134
137
131
135
132
130
132
135
138
137
139
135
139
135
131
139
130
137
131
138
130
139
136
135
139
149
148
140
144
144
143
146
143
140
140
149
146
149
148
140
146
149
145
145
148
143
145
148
142
147
145
147
145
140
143
144
144
149
144
149
147
143
144
148
147
143
147
146
140
149
147
145
146
145
146
142
145
144
149
147
146
149
149
142
144
144
141
149
144
140
145
143
142
148
141
141
143
142
146
142
149
141
147
141
141
140
149
140
147
147
141
154
154
158
152
150
153
156
159
151
152
150
156
153
151
157
150
150
157
155
159
155
157
157
158
155
150
153
157
153
159
157
153
153
153
151
152
158
158
159
153
151
150
152
155
158
152
159
159
152
153
153
158
150
154
154
150
152
154
157
159
153
156
150
159
154
153
157
153
156
151
157
150
150
153
158
152
153
153
157
154
150
153
154
159
158
154
155
151
154
159
157
155
150
153
159
158
151
151
153
154
156
150
153
156
155
152
169
160
160
163
169
163
162
168
160
161
164
167
163
169
166
164
169
167
169
161
165
165
162
168
164
162
160
162
166
160
164
165
166
169
167
163
167
162
169
166
162
165
164
160
160
169
163
168
161
168
165
168
167
168
165
163
161
160
167
167
162
164
162
160
165
168
164
166
168
168
168
162
167
166
161
168
168
166
163
166
163
164
169
166
163
161
166
165
160
167
161
165
160
167
166
167
167
162
168
173
171
177
173
176
174
176
176
177
175
171
176
170
170
176
173
171
170
174
176
175
175
176
171
170
171
176
176
178
178
173
179
172
179
174
176
173
173
178
175
174
171
177
178
175
177
178
177
178
170
170
172
171
179
172
179
170
175
178
173
171
177
172
171
172
171
176
171
175
178
177
179
179
179
175
177
176
177
170
174
175
178
181
185
180
180
182
189
187
180
180
186
184
187
183
183
180
184
186
187
189
181
187
184
189
182
183
188
182
186
183
187
180
187
182
188
180
180
185
188
186
186
185
183
182
184
182
187
184
185
189
182
186
181
184
180
189
189
185
183
180
185
186
182
183
182
183
187
187
184
186
188
186
182
181
189
184
189
184
189
188
188
186
193
194
190
195
198
194
190
197
193
191
190
196
198
192
195
199
194
195
190
199
193
196
191
194
195
191
190
193
198
192
198
193
195
195
190
194
193
194
190
190
194
198
199
194
192
191
191
192
196
196
193
198
195
192
198
192
200
200
203
203
204
201
201
201
204
204
202
205
209
205
202
202
204
202
205
200
207
202
208
202
204
206
208
205
206
202
207
204
205
206
201
201
207
205
206
206
203
207
208
208
204
212
217
212
216
217
214
218
215
216
213
214
215
219
211
214
211
215
216
215
211
216
217
217
217
210
218
214
227
226
228
229
221
227
227
225
222
227
220
221
228
223
223
229
221
221
229
220
224
224
221
221
220
225
222
222
221
225
228
225
222
224
226
228
235
238
239
238
230
233
232
235
232
233
237
234
232
235
232
239
237
232
231
230
239
239
239
232
233
239
237
232
230
232
230
235
238
237
231
230
234
237
235
239
231
235
237
245
245
244
243
245
241
245
247
246
241
247
241
246
245
248
243
243
248
241
240
247
248
246
241
249
249
243
242
247
246
249
242
243
243
244
248
240
246
241
240
240
247
245
242
243
244
240
249
249
248
245
246
257
253
256
254
250
256
257
254
257
252
250
255
258
257
253
259
254
253
255
257
255
252
256
254
255
250
254
257
250
259
252
259
252
258
255
255
257
255
258
250
259
258
255
259
251
255
251
253
258
258
251
253
254
257
259
254
257
259
250
257
257
255
258
256
251
265
261
260
261
269
269
267
264
264
261
260
263
265
266
268
260
265
268
268
265
261
268
264
263
261
263
265
261
268
269
265
265
264
260
268
265
268
260
260
269
268
265
261
266
262
268
269
263
264
267
268
261
267
263
268
266
260
264
264
265
264
263
269
260
260
269
266
262
263
264
269
264
260
272
279
278
274
275
279
271
270
278
272
277
276
271
279
274
273
277
273
278
272
272
278
275
275
275
277
276
273
278
278
276
270
272
270
274
276
270
272
279
272
277
277
277
272
271
277
276
273
275
271
274
279
273
277
278
274
270
274
276
270
278
272
279
283
283
285
281
282
284
289
285
287
288
283
284
288
284
283
281
285
288
282
289
281
280
285
286
280
285
283
281
280
283
283
286
283
287
288
286
280
286
282
283
286
287
294
291
298
298
291
294
295
297
291
292
292
294
296
291
293
296
295
293
294
297
295
291
293
296
290
293
292
291
298
299
297
294
298
292
296
297
299
290
295
293
298
290
297
292
305
309
302
307
305
307
307
303
300
305
307
307
300
309
300
302
306
302
302
301
307
300
304
309
309
303
302
305
308
303
307
300
302
300
306
301
308
307
305
306
311
313
317
312
315
313
319
310
315
312
319
310
310
317
312
318
312
311
313
310
316
313
317
318
319
310
318
316
311
317
318
318
315
313
317
316
312
324
321
323
323
320
327
320
328
327
325
329
327
324
324
326
324
327
329
326
325
327
327
324
320
325
320
320
325
327
329
329
331
331
330
335
335
330
338
333
333
337
338
336
337
331
332
333
339
331
338
335
336
335
339
338
337
335
332
339
330
332
331
338
339
332
336
332
349
342
343
347
342
349
342
340
346
341
345
348
344
343
347
354
356
352
351
353
354
351
352
354
352
356
356
350
353
351
359
358
350
359
368
362
367
361
369
363
365
366
361
367
369
368
364
368
363
364
365
364
378
379
375
374
370
370
378
379
379
372
374
374
376
383
382
382
387
382
388
381
385
391
396
397
390
390
396
391
392
397
399
391
391
391
397
390
397
392
397
399
398
403
406
408
400
406
409
401
407
401
404
405
402
400
407
401
407
404
401
404
416
411
410
410
413
419
410
419
415
428
425
421
426
420
429
427
424
429
422
421
424
434
438
432
430
434
434
434
432
435
444
440
447
446
444
440
444
441
449
440
449
454
452
452
452
450
459
450
454
458
454
458
459
454
469
461
460
466
463
463
461
469
467
464
467
461
467
473
475
475
473
484
489
486
484
487
482
485
483
482
484
499
490
494
494
495
498
508
502
502
518
512
515
525
520
523
525
